169 compile 4
746 close 9
Top1: 0, Top5: 1, Top10: 2, Top1Rate: 0.0, Top5Rate: 0.0010787486515641855, Top10Rate: 0.002157497303128371
MRR: 4.3660143706984104E-4
MAP: 4.3660143706984104E-4
